/Library/Frameworks/Python.framework/Versions/2.7/bin/python2.7 /Users/amritaanam/Documents/GIT_Repo/bigGraphProject/src/readRDF2.py
1000
(0.0, 0.037107)
2000
(0.0, 0.049863)
3000
(0.0, 0.067686)
4000
(0.0, 0.088564)
5000
(0.0, 0.113189)
6000
(0.0, 0.141315)
7000
(0.0, 0.179905)
8000
(0.0, 0.223904)
9000
(0.0, 0.284446)
10000
(0.0, 0.353734)
11000
(0.0, 0.412017)
12000
(0.0, 0.470506)
13000
(0.0, 0.556261)
14000
(0.0, 0.633641)
15000
(0.0, 0.710155)
16000
(0.0, 0.808343)
17000
(0.0, 0.90848)
18000
(0.0, 1.000112)
19000
(0.0, 1.150935)
20000
(0.0, 1.24003)
21000
(0.0, 1.343195)
22000
(0.0, 1.497711)
23000
(0.0, 1.620834)
24000
(0.0, 1.746166)
25000
(0.0, 1.87727)
26000
(0.0, 2.013195)
27000
(0.0, 2.156205)
28000
(0.0, 2.295349)
29000
(0.0, 2.439685)
30000
(0.0, 2.605053)
31000
(0.0, 2.749884)
32000
(0.0, 2.931761)
33000
(0.0, 3.096591)
34000
(0.0, 3.290244)
35000
(0.0, 3.456145)
36000
(0.0, 3.651533)
37000
(0.0, 3.832968)
38000
(0.0, 4.046478)
39000
(0.0, 4.233913)
40000
(0.0, 4.462293)
41000
(0.0, 4.684793)
42000
(0.0, 4.917477)
43000
(0.0, 5.118709)
44000
(0.0, 5.340913)
45000
(0.0, 5.535167)
46000
(0.0, 5.819187)
47000
(0.0, 6.078019)
48000
(0.0, 6.342136)
49000
(0.0, 6.600288)
50000
(0.0, 6.86126)
51000
(0.0, 7.149275)
52000
(0.0, 7.428512)
53000
(0.0, 7.729419)
54000
(0.0, 8.023972)
55000
(0.0, 8.332311)
56000
(0.0, 8.626771)
57000
(0.0, 8.908354)
58000
(0.0, 9.230945)
59000
(0.0, 9.559022)
60000
(0.0, 9.880683)
61000
(0.0, 10.213817)
62000
(0.0, 10.561746)
63000
(0.0, 10.904673)
64000
(0.0, 11.245302)
65000
(0.0, 11.609451)
66000
(0.0, 11.971802)
67000
(0.0, 12.328963)
68000
(0.0, 12.684885)
69000
(0.0, 13.026663)
70000
(0.0, 13.402626)
71000
(0.0, 13.744538)
72000
(0.0, 14.113656)
73000
(0.0, 14.454657)
74000
(0.0, 14.816228)
75000
(0.0, 15.197909)
76000
(0.0, 15.563876)
77000
(0.0, 15.942511)
78000
(0.0, 16.328845)
79000
(0.0, 16.709248)
80000
(0.0, 17.090133)
81000
(0.0, 17.468526)
82000
(0.0, 17.860847)
83000
(0.0, 18.264389)
84000
(0.0, 18.6722)
85000
(0.0, 19.079268)
86000
(0.0, 19.492812)
87000
(0.0, 19.923406)
88000
(0.0, 20.350691)
89000
(0.0, 20.782331)
90000
(0.0, 21.203862)
91000
(0.0, 21.647776)
92000
(0.0, 22.069559)
93000
(0.0, 22.51357)
94000
(0.0, 22.960756)
95000
(0.0, 23.399126)
96000
(0.0, 23.867418)
97000
(0.0, 24.313688)
98000
(0.0, 24.770372)
99000
(0.0, 25.253593)
100000
(0.0, 25.745143)
101000
(0.0, 26.216093)
102000
(0.0, 26.684931)
103000
(0.0, 27.185649)
104000
(0.0, 27.678494)
105000
(0.0, 28.178105)
106000
(0.0, 28.666932)
107000
(0.0, 29.162171)
108000
(0.0, 29.666075)
109000
(0.0, 30.171)
110000
(0.0, 30.685652)
111000
(0.0, 31.191238)
112000
(0.0, 31.721572)
113000
(0.0, 32.25236)
114000
(0.0, 32.777115)
115000
(0.0, 33.290416)
116000
(0.0, 33.816883)
117000
(0.0, 34.367931)
118000
(0.0, 34.893236)
119000
(0.0, 35.435245)
120000
(0.0, 35.978645)
121000
(0.0, 36.523074)
122000
(0.0, 37.081613)
123000
(0.0, 37.646023)
124000
(0.0, 38.296439)
125000
(0.0, 38.939293)
126000
(0.0, 39.546546)
127000
(0.0, 40.099513)
128000
(0.0, 40.810775)
129000
(0.0, 41.433255)
130000
(0.0, 42.585361)
131000
(0.0, 44.020417)
132000
(0.0, 44.973448)
133000
(0.0, 46.210342)
134000
(0.0, 46.905923)
135000
(0.0, 47.715838)
136000
(0.0, 48.460311)
137000
(0.0, 49.149905)
138000
(0.0, 49.890284)
139000
(0.0, 50.721123)
140000
(0.0, 51.516728)
141000
(0.0, 52.364805)
142000
(0.0, 54.002175)
143000
(0.0, 55.773146)
144000
(0.0, 57.110038)
145000
(0.0, 58.757689)
146000
(1.0, 0.44230400000000003)
147000
(1.0, 1.325254000000001)
148000
(1.0, 3.7148830000000004)
149000
(1.0, 5.134696000000005)
150000
(1.0, 5.950400000000002)
151000
(1.0, 7.292355999999998)
152000
(1.0, 9.626630000000006)
153000
(1.0, 11.205893000000003)
154000
(1.0, 12.160640999999998)
155000
(1.0, 13.482247999999998)
156000
(1.0, 15.082037)
157000
(1.0, 16.953362)
158000
(1.0, 18.471725000000006)
159000
(1.0, 20.324265999999994)
160000
(1.0, 21.26737)
161000
(1.0, 23.134208)
162000
(1.0, 25.141092)
163000
(1.0, 27.036323999999993)
164000
(1.0, 28.578436999999994)
165000
(1.0, 30.074495)
166000
(1.0, 31.357812999999993)
167000
(1.0, 32.756501)
168000
(1.0, 34.112663999999995)
169000
(1.0, 35.531649)
170000
(1.0, 36.962481)
171000
(1.0, 38.501833000000005)
172000
(1.0, 40.581143999999995)
173000
(1.0, 42.454853)
174000
(1.0, 44.332102000000006)
175000
(1.0, 45.945344000000006)
176000
(1.0, 47.260678999999996)
177000
(1.0, 49.008919000000006)
178000
(1.0, 50.456990000000005)
179000
(1.0, 51.941554)
180000
(1.0, 53.454302999999996)
181000
(1.0, 54.977737000000005)
182000
(1.0, 56.489339)
183000
(1.0, 58.025602000000006)
184000
(1.0, 59.649077000000005)
185000
(2.0, 1.2577220000000011)
186000
(2.0, 2.9798820000000035)
187000
(2.0, 4.005370999999997)
188000
(2.0, 5.160067999999995)
189000
(2.0, 6.4554509999999965)
190000
(2.0, 7.849354000000005)
191000
(2.0, 9.33695800000001)
192000
(2.0, 10.692782999999991)
193000
(2.0, 12.048924)
194000
(2.0, 13.492241000000007)
195000
(2.0, 14.857260999999994)
196000
(2.0, 16.207155)
197000
(2.0, 17.525245000000012)
198000
(2.0, 18.451369999999997)
199000
(2.0, 19.500952000000012)
200000
(2.0, 20.645635999999996)
201000
(2.0, 21.870319999999992)
202000
(2.0, 23.109053999999986)
203000
(2.0, 24.338308000000012)
204000
(2.0, 25.529061000000013)
205000
(2.0, 26.553416999999996)
206000
(2.0, 27.599402999999995)
207000
(2.0, 28.650655)
208000
(2.0, 29.72467800000001)
209000
(2.0, 30.78707700000001)
210000
(2.0, 31.865516000000014)
211000
(2.0, 32.923610999999994)
212000
(2.0, 35.08042900000001)
213000
(2.0, 37.24414999999999)
214000
(2.0, 38.474962000000005)
215000
(2.0, 39.831098999999995)
216000
(2.0, 41.13232500000001)
217000
(2.0, 42.55427900000001)
218000
(2.0, 43.849557000000004)
219000
(2.0, 45.112786)
220000
(2.0, 46.387629000000004)
221000
(2.0, 47.67115000000001)
222000
(2.0, 48.97815499999999)
223000
(2.0, 50.28719899999999)
224000
(2.0, 51.589034999999996)
225000
(2.0, 52.904649000000006)
226000
(2.0, 54.25801999999999)
227000
(2.0, 55.59188900000001)
228000
(2.0, 56.934068999999994)
229000
(2.0, 58.31635600000001)
230000
(2.0, 59.67282499999999)
231000
(3.0, 1.0451050000000066)
232000
(3.0, 2.503742999999986)
233000
(3.0, 3.956233999999995)
234000
(3.0, 5.362992999999989)
235000
(3.0, 6.812137000000007)
236000
(3.0, 8.236381999999992)
237000
(3.0, 9.662462000000005)
238000
(3.0, 11.180632000000003)
239000
(3.0, 12.663528000000014)
240000
(3.0, 14.195576999999986)
241000
(3.0, 15.698387999999994)
242000
(3.0, 17.249930000000006)
243000
(3.0, 18.84584799999999)
244000
(3.0, 20.36208400000001)
245000
(3.0, 22.00754900000001)
246000
(3.0, 23.600223)
247000
(3.0, 25.236953999999997)
248000
(3.0, 26.878691000000003)
249000
(3.0, 28.477317999999997)
250000
(3.0, 30.122224999999986)
251000
(3.0, 31.766005000000007)
252000
(3.0, 33.375102)
253000
(3.0, 35.04307700000001)
254000
(3.0, 36.72703999999999)
255000
(3.0, 38.52079900000001)
256000
(3.0, 40.708507)
257000
(3.0, 42.85839100000001)
258000
(3.0, 45.043586000000005)
259000
(3.0, 47.25984199999999)
260000
(3.0, 49.41155699999999)
261000
(3.0, 51.62342899999999)
262000
(3.0, 53.841487)
263000
(3.0, 56.12292199999999)
264000
(3.0, 58.347233999999986)
265000
(4.0, 0.5201000000000136)
266000
(4.0, 2.7637420000000077)
267000
(4.0, 4.954284000000001)
268000
(4.0, 7.254088999999993)
269000
(4.0, 9.48969600000001)
270000
(4.0, 11.813679000000008)
271000
(4.0, 14.075688000000014)
272000
(4.0, 16.373805000000004)
273000
(4.0, 18.82759900000002)
274000
(4.0, 21.195569999999975)
275000
(4.0, 24.85235399999999)
276000
(4.0, 27.633036000000004)
277000
(4.0, 30.188913000000014)
278000
(4.0, 32.62873400000001)
279000
(4.0, 35.004444999999976)
280000
(4.0, 37.32858599999997)
281000
(4.0, 39.706254)
282000
(4.0, 42.089562)
283000
(4.0, 44.50430399999999)
284000
(4.0, 46.986609999999985)
285000
(4.0, 49.349423)
286000
(4.0, 51.78688699999998)
287000
(4.0, 54.22198300000002)
288000
(4.0, 56.815207999999984)
289000
(4.0, 59.38243899999998)
290000
(5.0, 2.1107959999999935)
291000
(5.0, 4.659186999999974)
292000
(5.0, 7.186564999999973)
293000
(5.0, 9.762853000000007)
294000
(5.0, 12.358862999999985)
295000
(5.0, 14.995632)
296000
(5.0, 17.484448999999984)
297000
(5.0, 19.98426999999998)
298000
(5.0, 22.573577)
299000
(5.0, 25.14139799999998)
300000
(5.0, 27.694671000000028)
301000
(5.0, 30.29370399999999)
302000
(5.0, 32.85947900000002)
303000
(5.0, 35.53960000000001)
304000
(5.0, 38.258983)
305000
(5.0, 40.923013000000026)
306000
(5.0, 43.64663999999999)
307000
(5.0, 46.20657)
308000
(5.0, 48.72308700000002)
309000
(5.0, 51.23630800000001)
310000
(5.0, 53.75537800000001)
311000
(5.0, 56.24841199999997)
312000
(5.0, 58.798743)
313000
(6.0, 1.328093000000024)
314000
(6.0, 3.8535439999999994)
315000
(6.0, 6.372926000000007)
316000
(6.0, 8.872841999999991)
317000
(6.0, 10.957509000000016)
318000
(6.0, 12.315177000000006)
319000
(6.0, 13.71513299999998)
320000
(6.0, 15.173084000000017)
321000
(6.0, 16.564817000000005)
322000
(6.0, 17.962116999999978)
323000
(6.0, 19.370795999999984)
324000
(6.0, 20.814118000000008)
325000
(6.0, 22.254778999999985)
326000
(6.0, 23.653883000000008)
327000
(6.0, 25.039453999999978)
328000
(6.0, 26.489599999999996)
329000
(6.0, 27.899771999999984)
330000
(6.0, 29.322056999999973)
331000
(6.0, 30.823867000000007)
332000
(6.0, 32.223432)
333000
(6.0, 33.661978999999974)
334000
(6.0, 35.081789000000015)
335000
(6.0, 36.47269899999998)
336000
(6.0, 37.788140999999996)
337000
(6.0, 39.230744000000016)
338000
(6.0, 40.645313999999985)
339000
(6.0, 42.095222999999976)
340000
(6.0, 43.56455399999999)
341000
(6.0, 45.018651999999975)
342000
(6.0, 46.55352499999998)
343000
(6.0, 48.02711099999999)
344000
(6.0, 49.50875300000001)
345000
(6.0, 51.011698000000024)
346000
(6.0, 52.46721000000002)
347000
(6.0, 53.95129600000001)
348000
(6.0, 55.432488999999975)
349000
(6.0, 56.954702999999995)
350000
(6.0, 58.468451000000016)
351000
(6.0, 59.932533999999976)
352000
(7.0, 1.4380550000000198)
353000
(7.0, 3.005221000000006)
354000
(7.0, 4.487140000000011)
355000
(7.0, 6.013282000000004)
356000
(7.0, 7.534519999999986)
357000
(7.0, 9.054691999999989)
358000
(7.0, 10.624418999999989)
359000
(7.0, 12.184878000000026)
360000
(7.0, 13.727602999999988)
361000
(7.0, 15.320267999999999)
362000
(7.0, 16.86182500000001)
363000
(7.0, 18.446120000000008)
364000
(7.0, 20.01573300000001)
365000
(7.0, 21.594908999999973)
366000
(7.0, 23.127673000000016)
367000
(7.0, 24.73705000000001)
368000
(7.0, 26.36866500000002)
369000
(7.0, 27.937776999999983)
370000
(7.0, 29.541245000000004)
371000
(7.0, 31.177183000000014)
372000
(7.0, 32.774992)
373000
(7.0, 34.43289900000002)
374000
(7.0, 36.068498999999974)
375000
(7.0, 37.663084000000026)
376000
(7.0, 39.288184)
377000
(7.0, 40.946578999999986)
378000
(7.0, 42.59655600000002)
379000
(7.0, 44.23056300000002)
380000
(7.0, 45.860074)
381000
(7.0, 47.50842499999999)
382000
(7.0, 49.100675000000024)
383000
(7.0, 50.75501300000002)
384000
(7.0, 52.348276999999996)
385000
(7.0, 53.94171899999998)
386000
(7.0, 55.61237699999998)
387000
(7.0, 57.254774999999995)
388000
(7.0, 58.907104000000004)
389000
(8.0, 0.5726660000000265)
390000
(8.0, 2.276176000000021)
391000
(8.0, 3.9776840000000107)
392000
(8.0, 5.740452000000005)
393000
(8.0, 7.460762999999986)
394000
(8.0, 9.154661999999973)
395000
(8.0, 10.868763000000001)
396000
(8.0, 12.543956999999978)
397000
(8.0, 14.285401999999976)
398000
(8.0, 16.059762999999975)
399000
(8.0, 17.759209)
400000
(8.0, 19.50206400000002)
401000
(8.0, 21.241143000000022)
402000
(8.0, 23.018601999999987)
403000
(8.0, 24.769610999999998)
404000
(8.0, 26.520842000000016)
405000
(8.0, 28.25350100000003)
406000
(8.0, 30.028695000000027)
407000
(8.0, 31.807975)
408000
(8.0, 33.608141000000046)
409000
(8.0, 35.42528800000002)
410000
(8.0, 37.21175200000005)
411000
(8.0, 39.02729799999997)
412000
(8.0, 40.84436000000005)
413000
(8.0, 42.67573300000004)
414000
(8.0, 44.47923300000002)
415000
(8.0, 46.310865000000035)
416000
(8.0, 48.10740699999997)
417000
(8.0, 49.92164600000001)
418000
(8.0, 51.76265999999998)
419000
(8.0, 53.48974899999996)
420000
(8.0, 56.87502400000005)
421000
(9.0, 0.42580199999997603)
422000
(9.0, 4.131623999999988)
423000
(9.0, 7.10418100000004)
424000
(9.0, 9.988976999999977)
425000
(9.0, 12.923481000000038)
426000
(9.0, 15.927923999999962)
427000
(9.0, 19.161131999999952)
428000
(9.0, 22.283912999999984)
429000
(9.0, 25.670907000000057)
430000
(9.0, 28.900766999999973)
431000
(9.0, 32.094043000000056)
432000
(9.0, 35.77973799999995)
433000
(9.0, 39.38340100000005)
434000
(9.0, 42.951104999999984)
435000
(9.0, 46.20798000000002)
436000
(9.0, 50.17316100000005)
437000
(9.0, 54.13306799999998)
438000
(9.0, 57.94665299999997)
439000
(10.0, 1.813476000000037)
440000
(10.0, 5.535071000000016)
441000
(10.0, 9.24048700000003)
442000
(10.0, 12.935253999999986)
443000
(10.0, 16.607394)
444000
(10.0, 20.407208999999966)
445000
(10.0, 24.180736000000024)
446000
(10.0, 27.99506199999996)
447000
(10.0, 31.73388699999998)
448000
(10.0, 35.55402800000002)
449000
(10.0, 39.35692800000004)
450000
(10.0, 43.118150000000014)
451000
(10.0, 46.88730399999997)
452000
(10.0, 50.678192999999965)
453000
(10.0, 54.51474399999995)
454000
(10.0, 58.48975399999995)
455000
(11.0, 2.5197090000000344)
456000
(11.0, 6.492663999999991)
457000
(11.0, 10.400152000000048)
458000
(11.0, 14.351695999999947)
459000
(11.0, 18.367728000000056)
460000
(11.0, 22.410168999999996)
461000
(11.0, 26.372544999999946)
462000
(11.0, 30.42203500000005)
463000
(11.0, 34.443363999999974)
464000
(11.0, 38.33763299999998)
465000
(11.0, 42.179461999999944)
466000
(11.0, 46.20103700000004)
467000
(11.0, 50.22615399999995)
468000
(11.0, 54.254366000000005)
469000
(11.0, 58.32932900000003)
470000
(12.0, 2.3344889999999623)
471000
(12.0, 6.347673999999984)
472000
(12.0, 10.402504000000022)
473000
(12.0, 14.33896500000003)
474000
(12.0, 18.380404999999996)
475000
(12.0, 22.54271200000005)
476000
(12.0, 26.57690500000001)
477000
(12.0, 30.554771999999957)
478000
(12.0, 34.496173)
479000
(12.0, 38.50157200000001)
480000
(12.0, 42.450045000000046)
481000
(12.0, 46.42206199999998)
482000
(12.0, 50.44833500000004)
483000
(12.0, 54.484898000000044)
484000
(12.0, 58.468485999999984)
485000
(13.0, 2.3668910000000096)
486000
(13.0, 6.346826999999962)
487000
(13.0, 10.434253000000012)
488000
(13.0, 14.51853200000005)
489000
(13.0, 18.529098999999974)
490000
(13.0, 22.426936999999953)
491000
(13.0, 26.297349000000054)
492000
(13.0, 30.207308000000012)
493000
(13.0, 32.26129400000002)
494000
(13.0, 32.409065000000055)
495000
(13.0, 32.76215500000001)
496000
(13.0, 32.93771000000004)
497000
(13.0, 32.98621000000003)
498000
(13.0, 33.07209399999999)
499000
(13.0, 33.23577)
500000
(13.0, 33.454732000000035)
501000
(13.0, 33.742121999999995)
502000
(13.0, 34.13034200000004)
503000
(13.0, 34.79311900000005)
504000
(13.0, 34.992970000000014)
505000
(13.0, 35.28202799999997)
506000
(13.0, 35.76214200000004)
507000
(13.0, 36.33761300000003)
508000
(13.0, 36.728549000000044)
509000
(13.0, 36.775305)
510000
(13.0, 36.83558300000004)
511000
(13.0, 36.90938900000003)
512000
(13.0, 37.02275399999996)
513000
(13.0, 37.117691000000036)
514000
(13.0, 37.223865000000046)
515000
(13.0, 37.370596999999975)
516000
(13.0, 37.502155000000016)
517000
(13.0, 37.658627000000024)
518000
(13.0, 37.83069899999998)
519000
(13.0, 38.02448900000002)
520000
(13.0, 38.216353000000026)
521000
(13.0, 38.47392400000001)
522000
(13.0, 38.711918999999966)
523000
(13.0, 38.974946000000045)
524000
(13.0, 39.24975600000005)
525000
(13.0, 39.591789999999946)
526000
(13.0, 40.088345000000004)
527000
(13.0, 40.13785900000005)
528000
(13.0, 40.26824499999998)
529000
(13.0, 40.47974999999997)
530000
(13.0, 40.66969900000004)
531000
(13.0, 40.81531800000005)
532000
(13.0, 41.028193999999985)
533000
(13.0, 41.18082400000003)
534000
(13.0, 41.41411900000003)
535000
(13.0, 42.147609999999986)
536000
(13.0, 42.903812000000016)
537000
(13.0, 43.68332299999997)
538000
(13.0, 44.485063999999966)
539000
(13.0, 45.29283399999997)
540000
(13.0, 46.09049900000002)
541000
(13.0, 46.941213999999945)
542000
(13.0, 47.70020499999998)
543000
(13.0, 48.52322600000002)
544000
(13.0, 49.38462700000002)
545000
(13.0, 50.15812000000005)
546000
(13.0, 50.99673900000005)
547000
(13.0, 51.800250000000005)
548000
(13.0, 52.62082299999997)
549000
(13.0, 53.45895900000005)
550000
(13.0, 54.31270400000005)
551000
(13.0, 55.22066900000004)
552000
(13.0, 56.095484000000056)
553000
(13.0, 56.887500000000045)
554000
(13.0, 57.69825100000003)
555000
(13.0, 58.50146700000005)
556000
(13.0, 59.32144800000003)
557000
(14.0, 0.15552600000000893)
558000
(14.0, 0.9850619999999708)
559000
(14.0, 1.81742399999996)
560000
(14.0, 2.6422639999999546)
561000
(14.0, 3.467006999999967)
562000
(14.0, 4.322231999999985)
563000
(14.0, 5.223443999999972)
564000
(14.0, 6.044164000000023)
565000
(14.0, 6.918039000000022)
566000
(14.0, 7.719951000000037)
567000
(14.0, 8.570867000000021)
568000
(14.0, 9.495607999999947)
569000
(14.0, 10.318360999999982)
570000
(14.0, 11.22957699999995)
571000
(14.0, 12.078755999999998)
572000
(14.0, 12.978801999999973)
573000
(14.0, 13.823717999999985)
574000
(14.0, 14.715535000000045)
575000
(14.0, 15.651098000000047)
576000
(14.0, 16.556104000000005)
577000
(14.0, 17.414604000000054)
578000
(14.0, 18.341117000000054)
579000
(14.0, 19.284391000000028)
580000
(14.0, 20.141750000000002)
581000
(14.0, 21.183583)
582000
(14.0, 22.183885000000032)
583000
(14.0, 23.18912899999998)
584000
(14.0, 24.14774799999998)
585000
(14.0, 25.410094999999956)
586000
(14.0, 26.326747999999952)
587000
(14.0, 27.43832599999996)
588000
(14.0, 28.444860999999946)
589000
(14.0, 29.548694999999952)
590000
(14.0, 30.57328099999995)
591000
(14.0, 31.987670999999978)
592000
(14.0, 32.86232299999995)
593000
(14.0, 33.92131199999994)
594000
(14.0, 35.23169900000005)
595000
(14.0, 36.10651900000005)
596000
(14.0, 37.036175999999955)
597000
(14.0, 38.041431999999986)
598000
(14.0, 38.98795800000005)
599000
(14.0, 39.824408999999946)
600000
(14.0, 40.76095899999996)
601000
(14.0, 41.63771799999995)
602000
(14.0, 42.63923599999998)
603000
(14.0, 43.494128000000046)
604000
(14.0, 44.46009700000002)
605000
(14.0, 45.46346500000004)
606000
(14.0, 46.54269499999998)
607000
(14.0, 47.37535300000002)
608000
(14.0, 48.255539)
609000
(14.0, 49.11448399999995)
610000
(14.0, 49.933671000000004)
611000
(14.0, 50.762928999999986)
612000
(14.0, 51.61586799999998)
613000
(14.0, 52.48162000000002)
614000
(14.0, 53.32606299999998)
615000
(14.0, 54.16125099999999)
616000
(14.0, 54.93282599999998)
617000
(14.0, 55.733363000000054)
618000
(14.0, 56.51747399999999)
619000
(14.0, 57.35401400000001)
620000
(14.0, 58.19135200000005)
621000
(14.0, 59.229692)
622000
(15.0, 0.2742269999999962)
623000
(15.0, 1.4665449999999964)
624000
(15.0, 2.365211000000045)
625000
(15.0, 3.204368000000045)
626000
(15.0, 4.005150999999955)
627000
(15.0, 4.800654000000009)
628000
(15.0, 5.608349999999973)
629000
(15.0, 6.374965999999972)
630000
(15.0, 7.173393000000033)
631000
(15.0, 7.991882000000032)
632000
(15.0, 8.836292999999955)
633000
(15.0, 9.628859000000034)
634000
(15.0, 10.434259999999995)
635000
(15.0, 11.291969999999992)
636000
(15.0, 12.134894000000031)
637000
(15.0, 12.98945900000001)
638000
(15.0, 13.825499000000036)
639000
(15.0, 14.675453999999945)
640000
(15.0, 15.488302999999974)
641000
(15.0, 16.257843999999977)
642000
(15.0, 17.049797000000012)
643000
(15.0, 17.858442999999966)
644000
(15.0, 18.70546300000001)
645000
(15.0, 19.545133999999962)
646000
(15.0, 20.389605999999958)
647000
(15.0, 21.267031999999972)
648000
(15.0, 22.142255999999975)
649000
(15.0, 22.957850000000008)
650000
(15.0, 23.830105000000003)
651000
(15.0, 24.641778000000045)
652000
(15.0, 25.47198800000001)
653000
(15.0, 26.333841000000007)
654000
(15.0, 27.26840500000003)
655000
(15.0, 28.110476999999946)
656000
(15.0, 29.044403999999986)
657000
(15.0, 29.999708000000055)
658000
(15.0, 31.068067000000042)
659000
(15.0, 31.992254000000003)
660000
(15.0, 32.970079000000055)
661000
(15.0, 33.99877900000001)
662000
(15.0, 34.98713399999997)
663000
(15.0, 35.92160799999999)
664000
(15.0, 36.78384900000003)
665000
(15.0, 37.689211)
666000
(15.0, 38.57066899999995)
667000
(15.0, 39.595973999999956)
668000
(15.0, 40.64044200000001)
669000
(15.0, 41.675986999999964)
670000
(15.0, 42.62607800000001)
671000
(15.0, 43.68311600000004)
672000
(15.0, 44.70668599999999)
673000
(15.0, 45.73696700000005)
674000
(15.0, 46.707870999999955)
675000
(15.0, 47.71095500000001)
676000
(15.0, 48.725536000000034)
677000
(15.0, 49.787983000000054)
678000
(15.0, 50.76795400000003)
679000
(15.0, 51.83071099999995)
680000
(15.0, 52.80913899999996)
681000
(15.0, 53.847526000000016)
682000
(15.0, 54.94637899999998)
683000
(15.0, 55.86673399999995)
684000
(15.0, 56.85989600000005)
685000
(15.0, 57.71063000000004)
686000
(15.0, 58.58246399999996)
687000
(15.0, 59.46452099999999)
688000
(16.0, 0.30971599999998034)
689000
(16.0, 1.1522049999999808)
690000
(16.0, 1.9684590000000526)
691000
(16.0, 2.7854620000000523)
692000
(16.0, 3.5971250000000055)
693000
(16.0, 4.35797500000001)
694000
(16.0, 5.166877999999997)
695000
(16.0, 5.954215999999974)
696000
(16.0, 6.8045210000000225)
697000
(16.0, 7.612599000000046)
698000
(16.0, 8.444664999999986)
699000
(16.0, 9.288268000000016)
700000
(16.0, 10.14963899999998)
701000
(16.0, 10.988764999999944)
702000
(16.0, 11.804164000000014)
703000
(16.0, 12.756187999999952)
704000
(16.0, 13.791441999999961)
705000
(16.0, 14.591172000000029)
706000
(16.0, 15.62951899999996)
707000
(16.0, 16.863162999999986)
708000
(16.0, 17.77318200000002)
709000
(16.0, 19.152630000000045)
710000
(16.0, 20.064077999999995)
711000
(16.0, 21.220061999999984)
712000
(16.0, 22.32411000000002)
713000
(16.0, 23.48880699999995)
714000
(16.0, 24.699756999999977)
715000
(16.0, 25.584475999999995)
716000
(16.0, 26.544603000000052)
717000
(16.0, 27.364644)
718000
(16.0, 28.277896000000055)
719000
(16.0, 29.21190999999999)
720000
(16.0, 30.024275999999986)
721000
(16.0, 30.941988000000038)
722000
(16.0, 31.791266999999948)
723000
(16.0, 32.73390800000004)
724000
(16.0, 33.669835000000035)
725000
(16.0, 34.45126000000005)
726000
(16.0, 35.216849000000025)
727000
(16.0, 35.95328400000005)
728000
(16.0, 36.780910999999946)
729000
(16.0, 38.07268399999998)
730000
(16.0, 38.88187400000004)
731000
(16.0, 39.72870499999999)
732000
(16.0, 40.77390100000002)
733000
(16.0, 41.85420599999998)
734000
(16.0, 43.510463999999956)
735000
(16.0, 44.56134199999997)
736000
(16.0, 45.378795999999966)
737000
(16.0, 46.17188399999998)
738000
(16.0, 46.99018000000001)
739000
(16.0, 47.88077199999998)
740000
(16.0, 48.738384999999994)
741000
(16.0, 49.60596399999997)
742000
(16.0, 50.471289999999954)
743000
(16.0, 51.38349900000003)
744000
(16.0, 52.295788000000016)
745000
(16.0, 53.17154500000004)
746000
(16.0, 54.06160199999999)
747000
(16.0, 54.990935000000036)
748000
(16.0, 55.86309000000006)
749000
(16.0, 56.76354700000002)
750000
(16.0, 57.66250100000002)
751000
(16.0, 58.477011999999945)
752000
(16.0, 59.23926300000005)
753000
(17.0, 0.020167000000014923)
754000
(17.0, 0.8368940000000293)
755000
(17.0, 1.6436230000000478)
756000
(17.0, 2.46864800000003)
757000
(17.0, 3.2635790000000497)
758000
(17.0, 4.056262000000061)
759000
(17.0, 4.844608999999991)
760000
(17.0, 5.632102000000032)
761000
(17.0, 6.460655999999972)
762000
(17.0, 7.314149999999927)
763000
(17.0, 8.076659000000063)
764000
(17.0, 8.86871599999995)
765000
(17.0, 9.730549999999994)
766000
(17.0, 10.629568000000063)
Distinct nodes: 104881
Distinct edges: 119
17.0 min(s) 11.747742 sec(s)

Process finished with exit code 0
