/Library/Frameworks/Python.framework/Versions/2.7/bin/python2.7 /Users/amritaanam/Documents/GIT_Repo/bigGraphProject/src/RDFToCQL.py
Node cql time:  0.0 min(s) 2.520555 sec(s)
1000
(0.0, 24.302963)
2000
(0.0, 46.124518)
3000
(1.0, 7.646557999999999)
4000
(1.0, 29.199234000000004)
5000
(1.0, 50.503152)
6000
(2.0, 11.846602999999988)
7000
(2.0, 33.234791)
8000
(2.0, 55.01838000000001)
9000
(3.0, 16.808688999999987)
10000
(3.0, 38.65338800000001)
11000
(4.0, 0.5204080000000033)
12000
(4.0, 22.271153000000027)
13000
(4.0, 43.899865999999975)
14000
(5.0, 5.632663999999977)
15000
(5.0, 27.290613000000008)
16000
(5.0, 49.21381600000001)
17000
(6.0, 11.23941400000001)
18000
(6.0, 32.945821000000024)
19000
(6.0, 54.955218)
20000
(7.0, 16.824420999999973)
21000
(7.0, 38.665639999999996)
22000
(8.0, 0.4880279999999857)
23000
(8.0, 22.539785999999992)
24000
(8.0, 44.35065999999995)
25000
(9.0, 6.258595000000014)
26000
(9.0, 28.098703999999998)
27000
(9.0, 50.032599000000005)
28000
(10.0, 12.31093599999997)
29000
(10.0, 35.61293999999998)
30000
(10.0, 59.090709999999945)
31000
(11.0, 27.923298000000045)
32000
(11.0, 55.829391999999984)
33000
(12.0, 26.035300000000007)
34000
(12.0, 54.68977199999995)
35000
(13.0, 22.006871000000046)
36000
(13.0, 49.02027899999996)
37000
(14.0, 15.714484999999968)
38000
(14.0, 42.594581999999946)
39000
(15.0, 9.655753000000004)
40000
(15.0, 37.273391999999944)
41000
(16.0, 4.457136999999989)
42000
(16.0, 31.41448300000002)
43000
(16.0, 58.69475399999999)
44000
(17.0, 26.061378000000104)
45000
(17.0, 53.23897899999997)
46000
(18.0, 20.695414000000028)
47000
(18.0, 48.008554000000004)
48000
(19.0, 16.669669000000113)
49000
(19.0, 44.61257599999999)
50000
(20.0, 11.888427000000092)
51000
(20.0, 39.88268599999992)
52000
(21.0, 7.82436000000007)
53000
(21.0, 35.71813999999995)
54000
(22.0, 3.027225000000044)
55000
(22.0, 30.439468000000033)
56000
(22.0, 57.605375000000095)
57000
(23.0, 25.04118900000003)
58000
(23.0, 53.20492599999989)
59000
(24.0, 20.863483000000087)
60000
(24.0, 48.843931999999995)
61000
(25.0, 16.79953300000011)
62000
(25.0, 44.759499000000005)
63000
(26.0, 12.530972999999904)
64000
(26.0, 41.74125600000002)
65000
(27.0, 9.436967000000095)
66000
(27.0, 37.799060000000054)
67000
(28.0, 5.062779999999975)
68000
(28.0, 32.259420999999975)
69000
(29.0, 0.022795000000087384)
70000
(29.0, 27.966341000000057)
71000
(29.0, 55.91906599999993)
72000
(30.0, 23.89916900000003)
73000
(30.0, 52.43379899999991)
74000
(31.0, 20.328375999999935)
75000
(31.0, 48.04532799999993)
76000
(32.0, 15.818056999999953)
77000
(32.0, 43.73564600000009)
78000
(33.0, 11.790981999999985)
79000
(33.0, 39.72416700000008)
80000
(34.0, 7.960655999999972)
81000
(34.0, 36.272531999999956)
82000
(35.0, 4.374785999999858)
83000
(35.0, 32.83512000000019)
84000
(36.0, 0.7333739999999125)
85000
(36.0, 28.816029999999955)
86000
(36.0, 56.74891699999989)
87000
(37.0, 26.119477000000188)
88000
(37.0, 56.87131899999986)
89000
(38.0, 27.39980000000014)
90000
(38.0, 56.80294099999992)
91000
(39.0, 25.015456000000086)
92000
(39.0, 53.41250899999977)
93000
(40.0, 21.91687899999988)
94000
(40.0, 50.31720200000018)
95000
(41.0, 18.304493999999977)
96000
(41.0, 46.667315000000144)
97000
(42.0, 14.794802999999774)
98000
(42.0, 42.75493400000005)
99000
(43.0, 10.894394999999804)
100000
(43.0, 40.85226700000021)
101000
(44.0, 9.124017000000094)
102000
(44.0, 37.76796000000013)
103000
(45.0, 6.60365899999988)
104000
(45.0, 38.13614000000007)
105000
(46.0, 7.844031000000086)
106000
(46.0, 37.557096999999885)
107000
(47.0, 8.055789999999888)
108000
(47.0, 37.465959999999995)
109000
(48.0, 7.375859000000219)
110000
(48.0, 36.85605799999985)
111000
(49.0, 6.5378639999998995)
112000
(49.0, 35.97945600000003)
113000
(50.0, 5.347741000000042)
114000
(50.0, 35.05945699999984)
115000
(51.0, 4.359918999999991)
116000
(51.0, 33.43888599999991)
117000
(52.0, 3.2418189999998503)
118000
(52.0, 34.628075999999965)
119000
(53.0, 5.086646000000201)
120000
(53.0, 34.64479500000016)
121000
(54.0, 3.897023999999874)
122000
(54.0, 33.6679180000001)
123000
(55.0, 2.85239300000012)
124000
(55.0, 32.702886000000035)
125000
(56.0, 2.3499860000001718)
126000
(56.0, 32.11599100000012)
127000
(57.0, 1.8727269999999407)
128000
(57.0, 32.51877599999989)
129000
(58.0, 1.485997000000225)
130000
(58.0, 30.946802999999818)
131000
(58.0, 59.82673100000011)
132000
(59.0, 28.70461400000022)
133000
(59.0, 57.48324199999979)
134000
(60.0, 26.615732000000207)
135000
(60.0, 59.72664799999984)
136000
(61.0, 31.023470999999972)
137000
(61.0, 59.932912000000215)
138000
(62.0, 29.43089800000007)
139000
(62.0, 59.34330200000022)
140000
(63.0, 28.204322000000047)
141000
(63.0, 56.83220399999982)
142000
(64.0, 25.455026999999973)
143000
(64.0, 54.473191999999926)
144000
(65.0, 23.391525999999885)
145000
(65.0, 52.99546999999984)
146000
(66.0, 22.099213999999847)
147000
(66.0, 50.75761599999987)
148000
(67.0, 19.53302799999983)
149000
(67.0, 48.09806200000003)
150000
(68.0, 16.57383899999968)
151000
(68.0, 45.15279199999986)
152000
(69.0, 13.77238000000034)
153000
(69.0, 42.73911500000031)
154000
(70.0, 11.80659899999955)
155000
(70.0, 41.35371899999973)
156000
(71.0, 9.458252000000357)
157000
(71.0, 35.89624600000025)
158000
(72.0, 1.1142559999998412)
159000
(72.0, 26.73830799999996)
160000
(72.0, 52.68904199999997)
161000
(73.0, 19.303337999999712)
162000
(73.0, 45.457924000000276)
163000
(74.0, 11.592171999999664)
164000
(74.0, 37.05391700000018)
165000
(75.0, 2.9561940000003233)
166000
(75.0, 29.057984000000033)
167000
(75.0, 55.62676999999985)
168000
(76.0, 23.60347399999955)
169000
(76.0, 50.73388299999988)
170000
(77.0, 17.902753000000303)
171000
(77.0, 45.06704400000035)
172000
(78.0, 12.657618999999613)
173000
(78.0, 40.44633299999987)
174000
(79.0, 8.673679000000448)
175000
(79.0, 37.236259000000246)
176000
(80.0, 4.10474400000021)
177000
(80.0, 30.03428900000017)
178000
(80.0, 56.695670000000064)
179000
(81.0, 23.121251999999913)
180000
(81.0, 50.09499599999981)
181000
(82.0, 17.38155000000006)
182000
(82.0, 44.27209599999969)
183000
(83.0, 11.487823999999819)
184000
(83.0, 39.409200000000055)
185000
(84.0, 6.769355999999789)
186000
(84.0, 33.85466799999995)
187000
(85.0, 0.264339000000291)
188000
(85.0, 22.87525100000039)
189000
(85.0, 45.10416499999974)
190000
(86.0, 6.951871999999639)
191000
(86.0, 28.786533999999847)
192000
(86.0, 50.404107000000295)
193000
(87.0, 12.364792000000307)
194000
(87.0, 34.32852600000024)
195000
(87.0, 56.14510100000007)
196000
(88.0, 18.005103999999847)
197000
(88.0, 39.3225709999997)
198000
(89.0, 0.8178829999997106)
199000
(89.0, 22.460997000000134)
200000
(89.0, 44.40488900000037)
201000
(90.0, 6.404559999999947)
202000
(90.0, 28.382034999999632)
203000
(90.0, 50.72553599999992)
204000
(91.0, 13.393581000000268)
205000
(91.0, 36.31380100000024)
206000
(91.0, 59.31358900000032)
207000
(92.0, 22.597203000000263)
208000
(92.0, 45.722343999999794)
209000
(93.0, 8.977496000000428)
210000
(93.0, 32.24770600000011)
211000
(93.0, 55.45677799999976)
212000
(94.0, 18.550247999999556)
213000
(94.0, 41.87377600000036)
214000
(95.0, 5.05365299999994)
215000
(125.0, 46.57414400000016)
216000
(126.0, 12.299474000000373)
217000
(126.0, 35.97808400000031)
218000
(126.0, 59.23020600000018)
219000
(127.0, 22.69618300000002)
220000
(127.0, 52.709334000000126)
221000
(128.0, 23.70128300000033)
222000
(128.0, 53.42150099999981)
223000
(129.0, 22.409515000000283)
224000
(129.0, 51.03286300000036)
225000
(130.0, 19.53110199999992)
226000
(130.0, 48.761115000000245)
227000
(131.0, 18.00464699999975)
228000
(131.0, 47.08068100000037)
229000
(132.0, 17.697183000000223)
230000
(132.0, 46.92985800000042)
231000
(133.0, 17.32400200000029)
232000
(133.0, 48.79627999999957)
233000
(134.0, 18.57233499999984)
234000
(134.0, 47.876924000000145)
235000
(135.0, 17.140605999999934)
236000
(135.0, 46.72682799999984)
237000
(136.0, 16.417365000000245)
238000
(136.0, 46.00027399999999)
239000
(137.0, 15.407271000000037)
240000
(137.0, 44.86168899999939)
241000
(138.0, 14.21318699999938)
242000
(138.0, 43.89143399999921)
243000
(139.0, 13.145931999999448)
244000
(139.0, 42.92506399999911)
245000
(140.0, 12.610905999999886)
246000
(140.0, 42.47544999999991)
247000
(141.0, 12.045018999999229)
248000
(141.0, 41.62231400000019)
249000
(142.0, 11.377522000000681)
250000
(142.0, 41.13514000000032)
251000
(143.0, 10.517679000000498)
252000
(143.0, 40.41164000000026)
253000
(144.0, 10.055992999999944)
254000
(144.0, 39.64523399999962)
255000
(145.0, 9.055098000000726)
256000
(145.0, 37.949986999999965)
257000
(146.0, 6.538957000000664)
258000
(146.0, 34.708488000000216)
259000
(147.0, 3.8704930000003515)
260000
(147.0, 32.270409000000654)
261000
(148.0, 0.08072899999933725)
262000
(148.0, 27.869017999999414)
263000
(148.0, 55.955369999999675)
264000
(149.0, 24.166196000000127)
265000
(149.0, 51.990342999999484)
266000
(150.0, 22.168141000000105)
267000
(150.0, 53.47393700000066)
268000
(151.0, 21.764713000000484)
269000
(151.0, 50.027124000000185)
270000
(152.0, 18.36180500000046)
271000
(152.0, 46.780290999999124)
272000
(153.0, 14.864929999999731)
273000
(153.0, 43.12067500000012)
274000
(154.0, 12.08072700000048)
275000
(154.0, 39.91493900000023)
276000
(155.0, 8.262703000000329)
277000
(155.0, 37.082437999999456)
278000
(156.0, 5.7608139999993)
279000
(156.0, 34.31051200000002)
280000
(157.0, 2.661201999999321)
281000
(157.0, 30.990207000000737)
282000
(157.0, 59.21847800000069)
283000
(158.0, 27.24585499999921)
284000
(158.0, 55.46812300000056)
285000
(159.0, 23.731949000000895)
286000
(159.0, 52.14199399999961)
287000
(160.0, 22.528566000000865)
288000
(160.0, 51.8743570000006)
289000
(161.0, 20.338582000000315)
290000
(161.0, 49.14304500000071)
291000
(162.0, 17.789269000000786)
292000
(162.0, 46.47984499999984)
293000
(163.0, 15.402265999999145)
294000
(163.0, 44.14067299999988)
295000
(164.0, 12.62008600000081)
296000
(164.0, 44.79559899999913)
297000
(165.0, 13.466217999999571)
298000
(165.0, 42.20267000000058)
299000
(166.0, 10.457898000000569)
300000
(166.0, 38.70466800000031)
301000
(167.0, 7.7796460000008665)
302000
(167.0, 36.3044919999993)
303000
(168.0, 5.006139999999505)
304000
(168.0, 34.01565800000026)
305000
(169.0, 2.8387650000004214)
306000
(169.0, 33.21176200000082)
307000
(170.0, 2.1086990000003425)
308000
(170.0, 30.74341699999968)
309000
(171.0, 0.08318300000064482)
310000
(171.0, 28.2500770000006)
311000
(171.0, 56.81902900000023)
312000
(172.0, 25.646889999999985)
313000
(172.0, 54.272461000000476)
314000
(173.0, 22.985952000000907)
315000
(173.0, 51.53818499999943)
316000
(174.0, 20.554775000000518)
317000
(174.0, 49.13480499999969)
318000
(175.0, 17.57146300000022)
319000
(175.0, 47.11133300000074)
320000
(176.0, 15.777960999999777)
321000
(176.0, 44.801109)
322000
(177.0, 13.470895000000382)
323000
(177.0, 42.127926999999545)
324000
(178.0, 10.623288999999204)
325000
(178.0, 39.47926000000007)
326000
(179.0, 8.135302999999112)
327000
(179.0, 39.33192000000054)
328000
(180.0, 8.04486100000031)
329000
(180.0, 36.99107700000059)
330000
(181.0, 5.650680999999167)
331000
(181.0, 34.85052899999937)
332000
(182.0, 4.483415999999124)
333000
(182.0, 35.85305399999925)
334000
(183.0, 5.207672000000457)
335000
(183.0, 34.33331800000087)
336000
(184.0, 3.40008300000045)
337000
(184.0, 32.56764699999985)
338000
(185.0, 1.5597539999998844)
339000
(185.0, 30.712939999999435)
340000
(186.0, 0.16798799999924086)
341000
(186.0, 30.632456999999704)
342000
(187.0, 1.6108929999991233)
343000
(187.0, 30.816921999999977)
344000
(187.0, 59.37992200000008)
345000
(188.0, 28.36974299999929)
346000
(188.0, 57.70241200000055)
347000
(189.0, 26.15159499999936)
348000
(189.0, 54.63752999999997)
349000
(190.0, 23.492474000000584)
350000
(190.0, 52.89878200000021)
351000
(191.0, 21.522257000000536)
352000
(191.0, 50.074555999999575)
353000
(192.0, 18.54648199999974)
354000
(192.0, 47.82379000000037)
355000
(193.0, 16.666967999999542)
356000
(193.0, 45.39390099999946)
357000
(194.0, 14.179625999999189)
358000
(194.0, 43.3670089999996)
359000
(195.0, 12.519920000000639)
360000
(195.0, 42.079868000000715)
361000
(196.0, 10.92859099999987)
362000
(196.0, 39.73371199999929)
363000
(197.0, 13.038023999999496)
364000
(197.0, 41.61836500000027)
365000
(198.0, 11.015353000000687)
366000
(198.0, 40.09236400000009)
367000
(199.0, 9.16253499999948)
368000
(199.0, 34.63701199999923)
369000
(199.0, 58.41276900000048)
370000
(200.0, 27.45430699999997)
371000
(200.0, 56.71703200000047)
372000
(201.0, 26.984560999999303)
373000
(201.0, 55.83018599999923)
374000
(202.0, 24.367270000000644)
375000
(202.0, 53.52215099999921)
376000
(203.0, 22.583472000000256)
377000
(203.0, 51.536204)
378000
(204.0, 19.62998499999958)
379000
(204.0, 48.84438600000067)
380000
(205.0, 16.716436000000613)
381000
(205.0, 47.1942569999992)
382000
(206.0, 16.72664799999984)
383000
(206.0, 46.973299999999654)
384000
(207.0, 16.65324999999939)
385000
(207.0, 46.721927000000505)
386000
(208.0, 16.42818299999999)
387000
(208.0, 46.58474600000045)
388000
(209.0, 16.38272700000016)
389000
(209.0, 46.266491000000315)
390000
(210.0, 16.670431000000463)
391000
(210.0, 46.70379399999911)
392000
(211.0, 16.140269999999873)
393000
(211.0, 45.88468300000022)
394000
(212.0, 15.395378999999593)
395000
(212.0, 45.15200100000038)
396000
(213.0, 14.943631000000096)
397000
(213.0, 44.095878000000084)
398000
(214.0, 13.374399000000267)
399000
(214.0, 44.200418000000354)
400000
(215.0, 14.240335000000414)
401000
(215.0, 45.00928799999929)
402000
(216.0, 15.658751999999367)
403000
(216.0, 45.88068000000021)
404000
(217.0, 16.065552000000025)
405000
(217.0, 45.96009100000083)
406000
(218.0, 15.699178999999276)
407000
(218.0, 45.73730299999988)
408000
(219.0, 15.776841999999306)
409000
(219.0, 45.7456289999991)
410000
(220.0, 15.246966999999131)
411000
(220.0, 46.04752799999915)
412000
(221.0, 16.31250100000034)
413000
(221.0, 46.35033099999964)
414000
(222.0, 15.514569999999367)
415000
(222.0, 46.16718000000037)
416000
(223.0, 17.05754800000068)
417000
(223.0, 47.362411000000066)
418000
(224.0, 17.44282899999962)
419000
(224.0, 47.8183169999993)
420000
(225.0, 19.273112000000765)
421000
(225.0, 51.34394799999973)
422000
(226.0, 23.309273999999277)
423000
(226.0, 55.07333499999913)
424000
(227.0, 26.724765999999363)
425000
(227.0, 58.56703000000016)
426000
(228.0, 30.83708200000001)
427000
(229.0, 2.7716099999997823)
428000
(229.0, 35.99372399999993)
429000
(230.0, 8.08666599999924)
430000
(230.0, 40.46877599999971)
431000
(231.0, 12.182756000000154)
432000
(231.0, 41.060622999999396)
433000
(232.0, 6.570491000000402)
434000
(232.0, 32.33751999999913)
435000
(232.0, 57.86517500000082)
436000
(233.0, 23.529539999999542)
437000
(233.0, 52.811549000000014)
438000
(234.0, 20.607953000000634)
439000
(234.0, 46.85414900000069)
440000
(235.0, 11.733194000000367)
441000
(235.0, 36.55696100000023)
442000
(236.0, 1.2535489999991114)
443000
(236.0, 26.285162000000128)
444000
(236.0, 51.08268700000008)
445000
(237.0, 15.745971000000281)
446000
(237.0, 40.359512999999424)
447000
(238.0, 4.777486000000863)
448000
(238.0, 29.348454999999376)
449000
(238.0, 54.33845400000064)
450000
(239.0, 19.009272999999666)
451000
(239.0, 43.524107999999615)
452000
(240.0, 7.9785960000008345)
453000
(240.0, 33.552654999999504)
454000
(240.0, 58.05003299999953)
455000
(241.0, 23.052309000000605)
456000
(241.0, 47.84547500000008)
457000
(242.0, 13.116394999999102)
458000
(242.0, 37.89165200000025)
459000
(243.0, 2.7335870000006253)
460000
(243.0, 27.574188000000504)
461000
(243.0, 52.26448300000084)
462000
(244.0, 17.307661000000735)
463000
(244.0, 42.58432100000027)
464000
(245.0, 7.683618999999453)
465000
(245.0, 32.436249000000316)
466000
(245.0, 57.85546299999987)
467000
(246.0, 22.745343000000503)
468000
(246.0, 47.43646699999954)
469000
(247.0, 12.350279000000228)
470000
(247.0, 37.54878099999951)
471000
(248.0, 2.5913710000004357)
472000
(248.0, 27.565812000000733)
473000
(248.0, 52.48652000000038)
474000
(249.0, 17.544558999999936)
475000
(249.0, 42.557544999999664)
476000
(250.0, 7.259160999999949)
477000
(250.0, 32.00271099999918)
478000
(250.0, 58.28466900000058)
479000
(251.0, 24.43768099999943)
480000
(251.0, 50.651019999999335)
481000
(252.0, 17.061884000000646)
482000
(252.0, 43.7724419999995)
483000
(253.0, 10.021403999999166)
484000
(253.0, 36.476778000000195)
485000
(254.0, 2.591073999999935)
486000
(254.0, 28.897376000000804)
487000
(254.0, 55.32546700000057)
488000
(255.0, 21.274806999999782)
489000
(255.0, 47.700724000000264)
490000
(256.0, 13.273924999999508)
491000
(256.0, 39.08679800000027)
492000
(257.0, 5.013702000000194)
493000
(257.0, 30.334853000000294)
494000
(257.0, 53.79351900000074)
495000
(258.0, 17.181242000000566)
496000
(258.0, 39.73617899999954)
497000
(259.0, 0.7234709999993356)
498000
(259.0, 22.06860400000005)
499000
(259.0, 43.915100000000166)
500000
(260.0, 5.420448000000761)
501000
(260.0, 27.18029999999999)
502000
(260.0, 49.43686499999967)
503000
(261.0, 11.76199699999961)
504000
(261.0, 33.88543199999913)
505000
(261.0, 58.36418699999922)
506000
(262.0, 21.66545000000042)
507000
(262.0, 46.59811699999955)
508000
(263.0, 9.568556000000171)
509000
(263.0, 32.168736999999965)
510000
(263.0, 54.89687799999956)
511000
(264.0, 17.352622000000338)
512000
(264.0, 40.04728900000009)
513000
(265.0, 2.7174620000005234)
514000
(265.0, 25.47999499999969)
515000
(265.0, 48.485389999999825)
516000
(266.0, 11.327879000000394)
517000
(266.0, 34.043735999999626)
518000
(267.0, 2.9378259999994043)
519000
(267.0, 30.445638999999574)
520000
(267.0, 58.474027000000206)
521000
(268.0, 29.169223999999303)
522000
(268.0, 58.35221400000046)
523000
(269.0, 26.702370000000883)
524000
(269.0, 55.2270239999998)
525000
(270.0, 23.66865399999915)
526000
(270.0, 52.55109000000084)
527000
(271.0, 19.675901000000522)
528000
(271.0, 46.933406000000105)
529000
(272.0, 14.379723000000013)
530000
(272.0, 42.60079500000029)
531000
(273.0, 10.684496999998373)
532000
(273.0, 38.21507299999939)
533000
(274.0, 5.643092999998771)
534000
(274.0, 35.05452800000057)
535000
(275.0, 7.025928999999451)
536000
(275.0, 37.62467399999878)
537000
(276.0, 7.571502999999211)
538000
(276.0, 36.700127000000066)
539000
(277.0, 6.415644000000611)
540000
(277.0, 36.02915199999916)
541000
(278.0, 5.2890279999992345)
542000
(278.0, 34.59060799999861)
543000
(279.0, 4.006473000001279)
544000
(279.0, 33.367521000000124)
545000
(280.0, 2.852943999998388)
546000
(280.0, 32.451133999999)
547000
(281.0, 1.494542000000365)
548000
(281.0, 30.660334000000148)
549000
(281.0, 59.778292999999394)
550000
(282.0, 28.677317000001494)
551000
(282.0, 57.90808499999912)
552000
(283.0, 27.56629999999859)
553000
(283.0, 57.08117599999969)
554000
(284.0, 26.578859000001103)
555000
(284.0, 56.144986999999674)
556000
(285.0, 25.72054500000013)
557000
(285.0, 55.66476899999907)
558000
(286.0, 24.758625999998912)
559000
(286.0, 54.175138999999035)
560000
(287.0, 23.817144000000553)
561000
(287.0, 53.0511230000011)
562000
(288.0, 22.603985999998258)
563000
(288.0, 52.02832499999931)
564000
(289.0, 21.759647999999288)
565000
(289.0, 52.382949999999255)
566000
(290.0, 22.13128499999948)
567000
(290.0, 53.762221000000864)
568000
(291.0, 25.1125409999986)
569000
(291.0, 56.66316799999913)
570000
(292.0, 27.904280999999173)
571000
(292.0, 59.163423999998486)
572000
(293.0, 30.641617000001133)
573000
(294.0, 1.9995799999996962)
574000
(294.0, 32.35327300000063)
575000
(295.0, 1.8322420000004058)
576000
(295.0, 32.58404199999859)
577000
(296.0, 3.179750999999669)
578000
(296.0, 34.37144899999839)
579000
(297.0, 5.399962999999843)
580000
(297.0, 34.709954000001744)
581000
(298.0, 5.0420520000006945)
582000
(298.0, 34.058648999998695)
583000
(299.0, 3.5573589999985415)
584000
(299.0, 32.98080000000118)
585000
(300.0, 2.7194860000017798)
586000
(300.0, 32.943123000000924)
587000
(301.0, 2.8739260000002105)
588000
(301.0, 32.41002600000138)
589000
(302.0, 1.7926269999989017)
590000
(302.0, 31.222639999999956)
591000
(303.0, 1.0987810000005993)
592000
(303.0, 30.441367999999784)
593000
(303.0, 59.795272999999725)
594000
(304.0, 29.664003999998386)
595000
(304.0, 59.12832400000116)
596000
(305.0, 28.211567999998806)
597000
(305.0, 58.49844700000176)
598000
(306.0, 27.50968400000056)
599000
(306.0, 56.95725200000015)
600000
(307.0, 26.92518800000107)
601000
(308.0, 0.6397490000017569)
602000
(308.0, 33.40810000000056)
603000
(309.0, 4.72275499999887)
604000
(309.0, 33.93679500000144)
605000
(310.0, 3.448404999999184)
606000
(310.0, 33.1169919999993)
607000
(311.0, 2.228595000000496)
608000
(311.0, 31.280343999998877)
609000
(312.0, 0.24692399999912595)
610000
(312.0, 28.891758000001573)
611000
(312.0, 57.41853400000036)
612000
(313.0, 26.63456800000131)
613000
(313.0, 55.47945299999992)
614000
(314.0, 24.321687999999995)
615000
(314.0, 53.09413599999971)
616000
(315.0, 21.792075000001205)
617000
(315.0, 50.99399500000072)
618000
(316.0, 19.99241400000028)
619000
(316.0, 48.8891360000016)
620000
(317.0, 17.796375999998418)
621000
(317.0, 50.17393499999889)
622000
(318.0, 22.702400999998645)
623000
(318.0, 53.41227000000072)
624000
(319.0, 23.24199800000133)
625000
(319.0, 51.812637999999424)
626000
(320.0, 20.797505999998975)
627000
(320.0, 50.16987499999959)
628000
(321.0, 19.04998500000147)
629000
(321.0, 47.817597000001115)
630000
(322.0, 16.851897000000463)
631000
(322.0, 45.78303999999844)
632000
(323.0, 14.94752299999891)
633000
(323.0, 44.20192099999986)
634000
(324.0, 13.613337999999203)
635000
(324.0, 44.41628599999967)
636000
(325.0, 16.371667999999772)
637000
(325.0, 46.393175000001065)
638000
(326.0, 15.197643999999855)
639000
(326.0, 44.140706999998656)
640000
(327.0, 12.948445000001811)
641000
(327.0, 41.8243309999998)
642000
(328.0, 8.206020000001445)
643000
(328.0, 30.43214100000114)
644000
(328.0, 52.754400999998325)
645000
(329.0, 15.205072000000655)
646000
(329.0, 37.67780499999935)
647000
(330.0, 0.02620300000126008)
648000
(330.0, 22.330751000001328)
649000
(330.0, 44.84339600000021)
650000
(331.0, 7.3049460000002)
651000
(331.0, 29.779105000001437)
652000
(331.0, 52.51170700000148)
653000
(332.0, 16.255698000000848)
654000
(332.0, 39.309063000000606)
655000
(333.0, 2.2208820000014384)
656000
(333.0, 25.143400000000838)
657000
(333.0, 48.03083600000173)
658000
(334.0, 11.11913099999947)
659000
(334.0, 33.98083400000178)
660000
(334.0, 56.85204299999896)
661000
(335.0, 20.0845679999984)
662000
(335.0, 43.39865700000155)
663000
(336.0, 6.498114000001806)
664000
(336.0, 29.625232999998843)
665000
(336.0, 52.82681600000069)
666000
(337.0, 15.810245000000577)
667000
(337.0, 38.76124500000151)
668000
(338.0, 2.5648629999996047)
669000
(338.0, 34.78116399999999)
670000
(339.0, 5.861261999998533)
671000
(339.0, 36.143112999998266)
672000
(340.0, 6.456386999998358)
673000
(340.0, 37.369588000001386)
674000
(341.0, 7.983398000000307)
675000
(341.0, 37.68209500000012)
676000
(342.0, 7.501078000001144)
677000
(342.0, 36.98730499999874)
678000
(343.0, 6.331783000001451)
679000
(343.0, 35.76159099999859)
680000
(344.0, 5.247738999998546)
681000
(344.0, 34.95755099999951)
682000
(345.0, 4.617751999998291)
683000
(345.0, 34.63762100000167)
684000
(346.0, 3.9093189999985043)
685000
(346.0, 33.2805929999995)
686000
(347.0, 2.4090550000000803)
687000
(347.0, 31.53767499999958)
688000
(348.0, 0.4673670000011043)
689000
(348.0, 29.522765999998228)
690000
(348.0, 58.54381600000124)
691000
(349.0, 28.924661000000924)
692000
(349.0, 57.99020200000086)
693000
(350.0, 27.070003000000725)
694000
(350.0, 56.5385529999985)
695000
(351.0, 25.67126400000052)
696000
(351.0, 54.3932739999982)
697000
(352.0, 23.306326000001718)
698000
(352.0, 51.98935300000085)
699000
(353.0, 21.081969999999274)
700000
(353.0, 49.992175999999745)
701000
(354.0, 19.432269000000815)
702000
(354.0, 48.806314000001294)
703000
(355.0, 17.908586000001378)
704000
(355.0, 48.338824999998906)
705000
(356.0, 17.055821999998443)
706000
(356.0, 46.22900600000139)
707000
(357.0, 15.219109000001481)
708000
(357.0, 44.74101399999927)
709000
(358.0, 13.658751999999367)
710000
(358.0, 42.73816100000113)
711000
(359.0, 11.474773000001733)
712000
(359.0, 40.04574000000139)
713000
(360.0, 8.941697999998723)
714000
(360.0, 38.837469999998575)
715000
(361.0, 6.221987000000809)
716000
(361.0, 30.78279399999883)
717000
(361.0, 54.222406000000774)
718000
(362.0, 18.30952999999863)
719000
(362.0, 41.76603199999954)
720000
(363.0, 6.100007000000915)
721000
(363.0, 38.331044999998994)
722000
(364.0, 8.051233999998658)
723000
(364.0, 38.29751899999974)
724000
(365.0, 7.677683000001707)
725000
(365.0, 37.67223000000013)
726000
(366.0, 6.727307000001019)
727000
(366.0, 35.836411000000226)
728000
(367.0, 3.548313999999664)
729000
(367.0, 30.84224499999982)
730000
(368.0, 0.6666570000015781)
731000
(368.0, 29.745098999999755)
732000
(368.0, 59.0272530000002)
733000
(369.0, 28.92655300000115)
734000
(369.0, 58.15614300000016)
735000
(370.0, 27.175567999998748)
736000
(370.0, 57.309707000000344)
737000
(371.0, 26.344092999999702)
738000
(371.0, 55.65129099999831)
739000
(372.0, 24.710928000000422)
740000
(372.0, 54.113579000000755)
741000
(373.0, 23.47898300000088)
742000
(373.0, 54.29754300000059)
743000
(374.0, 26.47439300000042)
744000
(374.0, 56.40744600000107)
745000
(375.0, 25.67529899999863)
746000
(375.0, 55.450878999999986)
747000
(376.0, 24.595730000000913)
748000
(376.0, 53.746211000001495)
749000
(377.0, 23.02588100000139)
750000
(377.0, 51.94473300000027)
751000
(378.0, 20.89169000000038)
752000
(378.0, 49.905792000001384)
753000
(379.0, 18.563011999998707)
754000
(379.0, 48.01831300000049)
755000
(380.0, 17.078551999999036)
756000
(380.0, 46.79272199999832)
757000
(381.0, 18.691116999998485)
758000
(381.0, 48.095970999998826)
759000
(382.0, 9.50174799999877)
760000
(382.0, 28.93566700000156)
761000
(382.0, 48.454955000001064)
762000
(383.0, 8.056273999998666)
763000
(383.0, 28.728186000000278)
764000
(383.0, 46.944619999998395)
765000
(384.0, 5.147800999999163)
766000
(384.0, 23.5225849999988)
Edge cql time:  384.0 min(s) 40.410311 sec(s)

Process finished with exit code 0
